Average Number of States Expanded
L	UCS	A*1	A*2	ID	IDA*1	IDA*2
2	6.19	2.0	2.0	9.64	4.0	4.0	
4	22.35	4.16	4.0	44.23	8.06	8.0	
6	75.29	7.73	6.58	177.72	13.93	12.29	
8	212.88	15.84	10.53	538.2	27.34	17.86	
10	607.88	37.6	17.26	1701.92	67.48	28.31	
12	1611.85	89.62	30.42	5197.38	172.24	46.53	

Average Number of States Generated
L	UCS	A*1	A*2	ID	IDA*1	IDA*2
2	18.46	7.08	7.08	29.37	13.24	13.24	
4	62.62	13.32	12.84	123.78	21.98	21.8	
6	208.18	23.21	19.8	488.37	39.69	34.97	
8	583.52	45.95	30.91	1472.75	75.24	48.02	
10	1641.1	105.54	49.09	4643.45	185.91	76.55	
12	4376.66	247.02	84.62	14176.11	471.96	125.62	

Max States in Memory
L	UCS	A*1	A*2	ID	IDA*1	IDA*2
2	13.27	6.08	6.08	3.0	3.0	3.0	
4	41.27	10.16	9.84	5.0	5.0	5.0	
6	130.89	16.48	14.19	7.0	7.0	7.0	
8	354.75	30.96	21.25	9.0	9.0	9.0	
10	974.75	68.36	32.6	11.0	11.0	11.0	
12	2589.66	154.48	54.58	13.0	13.0	13.0	

---------------------------
Daniel W. Anner
Sam Isidoro
Homework 4
